
SYMMETRICAL COMPONENT POWERS BY CIRCUIT ELEMENT (first 3 phases)                                     Excess Power

Element            Term    P1(kW)   Q1(kvar)       P2         Q2      P0      Q0       P_Norm      Q_Norm     P_Emerg    Q_Emerg

"Vsource.SOURCE"    1        0.0        0.0        0.0        0.0     0.0     0.0
"Vsource.SOURCE"    2        0.0        0.0        0.0        0.0     0.0     0.0
"Vsource.PHS2"      1        0.0        0.0        0.0        0.0     0.0     0.0
"Vsource.PHS2"      2        0.0        0.0        0.0        0.0     0.0     0.0
"Vsource.PHS3"      1        0.0        0.0        0.0        0.0     0.0     0.0
"Vsource.PHS3"      2        0.0        0.0        0.0        0.0     0.0     0.0
"Line.650632"       1     3574.9     1720.0        2.1        1.3     1.1     1.5     1136.3      547.1        0.0        0.0
"Line.650632"       2    -3521.1    -1536.0        1.1        2.8     1.7     3.2
"Line.632670"       1     2704.3      971.6       -3.2       -3.7    -2.8    -4.6      443.1      158.2        0.0        0.0
"Line.632670"       2    -2695.1     -937.3        5.0        6.5     4.5     8.3
"Line.670671"       1     2494.4      821.4       -5.9       -5.9    -2.9    -9.1      372.6      120.9        0.0        0.0
"Line.670671"       2    -2479.0     -763.5        9.4       11.3     6.4    16.8
"Line.671680"       1        0.0       -0.0        0.0       -0.0    -0.0    -0.0        0.0        0.0        0.0        0.0
"Line.671680"       2        0.0        0.0        0.0       -0.0     0.0    -0.0
"Line.632633"       1      406.3      301.4       -0.3        0.0     0.2    -0.5        0.0        0.0        0.0        0.0
"Line.632633"       2     -405.5     -300.4        0.3       -0.0    -0.2     0.5
"Line.632645"       1        0.0        0.0        0.0        0.0     0.0     0.0        0.0        0.0        0.0        0.0
"Line.632645"       2        0.0        0.0        0.0        0.0     0.0     0.0
"Line.645646"       1        0.0        0.0        0.0        0.0     0.0     0.0        0.0        0.0        0.0        0.0
"Line.645646"       2        0.0        0.0        0.0        0.0     0.0     0.0
"Line.692675"       1      858.0     -121.8       -5.3       -3.4    -4.7   -16.0        0.0        0.0        0.0        0.0
"Line.692675"       2     -856.0      123.3        5.6        3.7     6.5    16.5
"Line.671684"       1        0.0        0.0        0.0        0.0     0.0     0.0        0.0        0.0        0.0        0.0
"Line.671684"       2        0.0        0.0        0.0        0.0     0.0     0.0
"Line.684611"       1        0.0        0.0        0.0        0.0     0.0     0.0        0.0        0.0        0.0        0.0
"Line.684611"       2        0.0        0.0        0.0        0.0     0.0     0.0
"Line.684652"       1        0.0        0.0        0.0        0.0     0.0     0.0        0.0        0.0        0.0        0.0
"Line.684652"       2        0.0        0.0        0.0        0.0     0.0     0.0
"Transformer.XFM1"  1      405.5      300.4       -0.3        0.0     0.2    -0.5       24.9       18.4        0.0        0.0
"Transformer.XFM1"  2     -400.2     -290.6        0.3        0.1    -0.1     0.6
"Line.671692"       1     1028.0       31.9       -6.4       -7.6    -4.6   -16.0        0.0        0.0        0.0        0.0
"Line.671692"       2    -1027.4      -31.9        6.5        7.6     4.7    16.0
"Capacitor.CAP1"    1        0.0     -605.2        0.0       -0.3    -0.0    -0.8        0.0        0.0        0.0        0.0
"Capacitor.CAP1"    2        0.0        0.0        0.0        0.0     0.0     0.0
"Capacitor.CAP2"    1        0.0        0.0        0.0        0.0     0.0     0.0        0.0        0.0        0.0        0.0
"Capacitor.CAP2"    2        0.0        0.0        0.0        0.0     0.0     0.0
"Load.671"          1     1155.0      660.0        0.0       -0.0     0.0    -0.0
"Load.634A"         1        0.0        0.0        0.0        0.0     0.0     0.0
"Load.634B"         1        0.0        0.0        0.0        0.0     0.0     0.0
"Load.634C"         1        0.0        0.0        0.0        0.0     0.0     0.0
"Load.645"          1        0.0        0.0        0.0        0.0     0.0     0.0
"Load.646"          1        0.0        0.0        0.0        0.0     0.0     0.0
"Load.692"          1        0.0        0.0        0.0        0.0     0.0     0.0
"Load.675A"         1        0.0        0.0        0.0        0.0     0.0     0.0
"Load.675B"         1        0.0        0.0        0.0        0.0     0.0     0.0
"Load.675C"         1        0.0        0.0        0.0        0.0     0.0     0.0
"Load.611"          1        0.0        0.0        0.0        0.0     0.0     0.0
"Load.652"          1        0.0        0.0        0.0        0.0     0.0     0.0
"Load.670A"         1        0.0        0.0        0.0        0.0     0.0     0.0
"Load.670B"         1        0.0        0.0        0.0        0.0     0.0     0.0
"Load.670C"         1        0.0        0.0        0.0        0.0     0.0     0.0

Total Circuit Losses =  111.1 +j  321.8
