bus appr real min1 max1 min2 max2   1.0000000e+00   9.9007812e-01   9.8929671e-01   9.8111491e-01   9.9904134e-01   9.8247275e-01   9.9768350e-01
   2.0000000e+00   9.8299223e-01   9.8163015e-01   9.6730661e-01   9.9867785e-01   9.6976456e-01   9.9621989e-01
   3.0000000e+00   9.7830972e-01   9.7656137e-01   9.5814249e-01   9.9847695e-01   9.6138495e-01   9.9523449e-01
   4.0000000e+00   9.7154823e-01   9.6922942e-01   9.4465859e-01   9.9843787e-01   9.4914786e-01   9.9394861e-01
   5.0000000e+00   9.6605726e-01   9.6319967e-01   9.3020441e-01   1.0019101e+00   9.3849941e-01   9.9361512e-01
   6.0000000e+00   9.6337147e-01   9.6024769e-01   9.2303701e-01   1.0037059e+00   9.3318205e-01   9.9356089e-01
   7.0000000e+00   9.6172817e-01   9.5844016e-01   9.1859271e-01   1.0048636e+00   9.2990997e-01   9.9354638e-01
   8.0000000e+00   9.6165523e-01   9.5836232e-01   9.1235756e-01   1.0109529e+00   9.2960355e-01   9.9370691e-01
   9.0000000e+00   9.6161876e-01   9.5832341e-01   9.0615888e-01   1.0170786e+00   9.2943552e-01   9.9380200e-01
   1.0000000e+01   9.5722804e-01   9.5348654e-01   9.0624977e-01   1.0082063e+00   9.2114115e-01   9.9331494e-01
   1.1000000e+01   9.4782332e-01   9.4312564e-01   8.8003902e-01   1.0156076e+00   9.0243657e-01   9.9321007e-01
   1.2000000e+01   9.4651627e-01   9.4173625e-01   8.7146355e-01   1.0215690e+00   9.0038700e-01   9.9264553e-01
   1.3000000e+01   9.4569753e-01   9.4086584e-01   8.6534544e-01   1.0260496e+00   8.9910321e-01   9.9229186e-01
   1.4000000e+01   9.4425249e-01   9.3932954e-01   8.5291393e-01   1.0355911e+00   8.9686993e-01   9.9163505e-01
   1.5000000e+01   9.4292980e-01   9.3792447e-01   8.3775406e-01   1.0481055e+00   8.9480187e-01   9.9105773e-01
   1.6000000e+01   9.4259944e-01   9.3757174e-01   8.2658824e-01   1.0586107e+00   8.9414668e-01   9.9105221e-01
   1.7000000e+01   9.4440904e-01   9.3935673e-01   8.6878193e-01   1.0200362e+00   8.9543360e-01   9.9338449e-01
   1.8000000e+01   9.4273977e-01   9.3751344e-01   8.6095044e-01   1.0245291e+00   8.9185691e-01   9.9362262e-01
   1.9000000e+01   9.4168384e-01   9.3634740e-01   8.5541291e-01   1.0279548e+00   8.8946223e-01   9.9390545e-01
   2.0000000e+01   9.4105577e-01   9.3565064e-01   8.4582162e-01   1.0362899e+00   8.8742583e-01   9.9468571e-01
   2.1000000e+01   9.4092496e-01   9.3550548e-01   8.4345001e-01   1.0383999e+00   8.8697974e-01   9.9487018e-01
   2.2000000e+01   9.4086610e-01   9.3544024e-01   8.3834934e-01   1.0433829e+00   8.8679868e-01   9.9493352e-01
   2.3000000e+01   9.4042799e-01   9.3495384e-01   8.3230923e-01   1.0485468e+00   8.8543100e-01   9.9542498e-01
   2.4000000e+01   9.4005539e-01   9.3454015e-01   8.2129281e-01   1.0588180e+00   8.8420287e-01   9.9590791e-01
   2.5000000e+01   9.3995735e-01   9.3443129e-01   8.1559276e-01   1.0643219e+00   8.8378653e-01   9.9612818e-01
   2.6000000e+01   9.3992468e-01   9.3439501e-01   8.0995808e-01   1.0698913e+00   8.8358808e-01   9.9626128e-01
   2.7000000e+01   9.4049337e-01   9.3502457e-01   8.3853682e-01   1.0424499e+00   8.8609678e-01   9.9488996e-01
   2.8000000e+01   9.3978744e-01   9.3423999e-01   8.2774727e-01   1.0518276e+00   8.8410778e-01   9.9546710e-01
   2.9000000e+01   9.3949995e-01   9.3392035e-01   8.2129757e-01   1.0577023e+00   8.8315712e-01   9.9584278e-01
   3.0000000e+01   9.3932356e-01   9.3372422e-01   8.1607938e-01   1.0625678e+00   8.8255808e-01   9.9608905e-01
   3.1000000e+01   9.3920599e-01   9.3359347e-01   8.1091999e-01   1.0674920e+00   8.8214880e-01   9.9626317e-01
   3.2000000e+01   9.3912761e-01   9.3350629e-01   8.0411920e-01   1.0741360e+00   8.8186775e-01   9.9638747e-01
   3.3000000e+01   9.4368810e-01   9.3856062e-01   8.6245898e-01   1.0249172e+00   8.9389742e-01   9.9347879e-01
   3.4000000e+01   9.4347189e-01   9.3832202e-01   8.5608056e-01   1.0308632e+00   8.9327311e-01   9.9367068e-01
   3.5000000e+01   9.4318367e-01   9.3800388e-01   8.4346792e-01   1.0428994e+00   8.9238711e-01   9.9398023e-01
   3.6000000e+01   9.4310508e-01   9.3791712e-01   8.3666691e-01   1.0495432e+00   8.9213026e-01   9.9407989e-01
   3.7000000e+01   9.4316402e-01   9.3798173e-01   8.5633289e-01   1.0299952e+00   8.9300343e-01   9.9332461e-01
   3.8000000e+01   9.4276782e-01   9.3754393e-01   8.4977448e-01   1.0357612e+00   8.9231887e-01   9.9321677e-01
   3.9000000e+01   9.4246993e-01   9.3721470e-01   8.4219398e-01   1.0427459e+00   8.9183870e-01   9.9310115e-01
   4.0000000e+01   9.6489306e-01   9.6214396e-01   9.1951679e-01   1.0102693e+00   9.3693620e-01   9.9284992e-01
   4.1000000e+01   9.6433488e-01   9.6155072e-01   9.1223620e-01   1.0164336e+00   9.3547224e-01   9.9319751e-01
   4.2000000e+01   9.6393630e-01   9.6112701e-01   9.0623561e-01   1.0216370e+00   9.3438446e-01   9.9348814e-01
   4.3000000e+01   9.6357103e-01   9.6073865e-01   8.9970813e-01   1.0274339e+00   9.3336284e-01   9.9377923e-01
   4.4000000e+01   9.6341167e-01   9.6056917e-01   8.9506717e-01   1.0317562e+00   9.3282077e-01   9.9400257e-01
   4.5000000e+01   9.6325233e-01   9.6039970e-01   8.8818541e-01   1.0383192e+00   9.3225163e-01   9.9425302e-01
   4.6000000e+01   9.6315939e-01   9.6030083e-01   8.8024966e-01   1.0460691e+00   9.3189820e-01   9.9442057e-01
   4.7000000e+01   9.6277141e-01   9.5988263e-01   9.0899213e-01   1.0165507e+00   9.3311086e-01   9.9243196e-01
   4.8000000e+01   9.6155713e-01   9.5858800e-01   9.0217584e-01   1.0209384e+00   9.3079782e-01   9.9231644e-01
   4.9000000e+01   9.6037663e-01   9.5732936e-01   8.9539334e-01   1.0253599e+00   9.2859654e-01   9.9215673e-01
   5.0000000e+01   9.5951218e-01   9.5640783e-01   8.9004728e-01   1.0289771e+00   9.2699604e-01   9.9202832e-01
   5.1000000e+01   9.5849828e-01   9.5532721e-01   8.8343137e-01   1.0335652e+00   9.2517721e-01   9.9181935e-01
   5.2000000e+01   9.5824268e-01   9.5505504e-01   8.7981456e-01   1.0366708e+00   9.2482042e-01   9.9166494e-01
   5.3000000e+01   9.5812365e-01   9.5492719e-01   8.7745472e-01   1.0387926e+00   9.2429238e-01   9.9195492e-01
   5.4000000e+01   9.5802432e-01   9.5482065e-01   8.7175339e-01   1.0442953e+00   9.2383311e-01   9.9221553e-01
   5.5000000e+01   9.5799121e-01   9.5478514e-01   8.6611827e-01   1.0498642e+00   9.2360949e-01   9.9237293e-01
